image: 0525_library_map_180.pgm
resolution: 0.05
origin: [-7.525000190734863, -5.025000190734863, 0.0000]
negate: 0
occupied_thresh: 0.65
free_thresh: 0.196
